500
111
739
850
125000000
500
111
517
628
125000000
500
93
498
591
125000000
500
95
509
604
125000000
500
94
500
594
125000000
500
93
516
609
125000000
500
88
512
600
125000000
500
88
492
580
125000000
500
90
516
606
125000000
500
90
500
590
125000000
600
122
798
920
216000000
600
126
786
912
216000000
600
133
826
959
216000000
600
144
811
955
216000000
600
125
779
904
216000000
600
125
834
959
216000000
600
130
776
906
216000000
600
134
796
930
216000000
600
128
780
908
216000000
600
136
799
935
216000000
700
167
1249
1416
343000000
700
163
1240
1403
343000000
700
165
1196
1361
343000000
700
167
1256
1423
343000000
700
169
1201
1370
343000000
700
167
1244
1411
343000000
700
166
1281
1447
343000000
700
166
1275
1441
343000000
700
179
1218
1397
343000000
700
166
1248
1414
343000000
800
211
1829
2040
512000000
800
220
1816
2036
512000000
800
235
1872
2107
512000000
800
216
1822
2038
512000000
800
215
1828
2043
512000000
800
238
1777
2015
512000000
800
220
1888
2108
512000000
800
225
1829
2054
512000000
800
216
1819
2035
512000000
800
225
1773
1998
512000000
900
270
2614
2884
729000000
900
275
2642
2917
729000000
900
293
2612
2905
729000000
900
296
2743
3039
729000000
900
277
2655
2932
729000000
900
271
2742
3013
729000000
900
282
2740
3022
729000000
900
271
2767
3038
729000000
900
272
2711
2983
729000000
900
276
3303
3579
729000000
1000
368
5359
5727
1000000000
1000
452
4492
4944
1000000000
1000
356
3812
4168
1000000000
1000
347
3758
4105
1000000000
1000
337
3752
4089
1000000000
1000
362
3941
4303
1000000000
1000
337
3751
4088
1000000000
1000
337
3843
4180
1000000000
1000
338
3953
4291
1000000000
1000
340
3843
4183
1000000000
1100
441
5349
5790
1331000000
1100
405
5354
5759
1331000000
1100
409
5391
5800
1331000000
1100
410
5261
5671
1331000000
1100
427
5411
5838
1331000000
1100
446
5395
5841
1331000000
1100
418
5433
5851
1331000000
1100
411
5179
5590
1331000000
1100
423
5474
5897
1331000000
1100
449
5466
5915
1331000000
1200
536
6953
7489
1728000000
1200
505
7066
7571
1728000000
1200
489
7118
7607
1728000000
1200
509
6968
7477
1728000000
1200
536
6745
7281
1728000000
1200
491
7121
7612
1728000000
1200
527
7076
7603
1728000000
1200
501
7077
7578
1728000000
1200
516
7121
7637
1728000000
1200
544
7210
7754
1728000000
1300
599
8922
9521
2197000000
1300
601
8980
9581
2197000000
1300
620
8763
9383
2197000000
1300
594
8834
9428
2197000000
1300
588
8893
9481
2197000000
1300
569
8980
9549
2197000000
1300
585
8878
9463
2197000000
1300
580
8940
9520
2197000000
1300
578
9242
9820
2197000000
1300
636
8931
9567
2197000000
1400
667
10911
11578
2744000000
1400
684
11049
11733
2744000000
1400
688
11074
11762
2744000000
1400
641
11128
11769
2744000000
1400
708
10943
11651
2744000000
1400
713
11313
12026
2744000000
1400
685
11111
11796
2744000000
1400
677
10904
11581
2744000000
1400
678
11025
11703
2744000000
1400
666
10978
11644
2744000000
1500
762
13466
14228
3375000000
1500
769
13673
14442
3375000000
1500
814
13594
14408
3375000000
1500
770
13545
14315
3375000000
1500
810
13577
14387
3375000000
1500
756
13941
14697
3375000000
1500
786
13644
14430
3375000000
1500
804
13493
14297
3375000000
1500
791
13340
14131
3375000000
1500
743
13331
14074
3375000000
1600
856
15985
16841
4096000000
1600
906
15806
16712
4096000000
1600
898
16198
17096
4096000000
1600
941
16230
17171
4096000000
1600
874
16017
16891
4096000000
1600
911
16003
16914
4096000000
1600
863
15864
16727
4096000000
1600
833
15934
16767
4096000000
1600
889
16202
17091
4096000000
1600
958
15993
16951
4096000000
1700
989
19117
20106
4913000000
1700
1011
19276
20287
4913000000
1700
1020
19107
20127
4913000000
1700
1064
19288
20352
4913000000
1700
982
19164
20146
4913000000
1700
1002
19213
20215
4913000000
1700
1011
19246
20257
4913000000
1700
984
19714
20698
4913000000
1700
998
19346
20344
4913000000
1700
1012
19213
20225
4913000000
1800
1141
22344
23485
5832000000
1800
1121
22915
24036
5832000000
1800
1193
23927
25120
5832000000
1800
1243
22600
23843
5832000000
1800
1079
22546
23625
5832000000
1800
1103
22617
23720
5832000000
1800
1265
22646
23911
5832000000
1800
1140
22659
23799
5832000000
1800
1148
22628
23776
5832000000
1800
1128
22637
23765
5832000000
1900
1341
26509
27850
6859000000
1900
1216
26193
27409
6859000000
1900
1214
26190
27404
6859000000
1900
1270
26596
27866
6859000000
1900
1270
26345
27615
6859000000
1900
1254
26305
27559
6859000000
1900
1175
26500
27675
6859000000
1900
1235
26672
27907
6859000000
1900
1235
26216
27451
6859000000
1900
1256
25879
27135
6859000000
2000
1388
33300
34688
8000000000
2000
1381
33183
34564
8000000000
2000
1441
33404
34845
8000000000
2000
1346
33388
34734
8000000000
2000
1313
33385
34698
8000000000
2000
1388
33705
35093
8000000000
2000
1412
33747
35159
8000000000
2000
1380
33366
34746
8000000000
2000
1357
33426
34783
8000000000
2000
1354
33098
34452
8000000000
